%YAML:1.0
dots: [ 37, 35, 60, 40, 39, 54, 39, 51, 53, 57, 40, 37, 4, 46, 53, 66,
    45, 60, 48, 40, 33, 20, 74, 46, 41, 42, 56, 50, 39, 38, 40, 38, 35,
    51, 58, 43, 56, 53, 48, 43, 29, 47, 54, 42, 48, 61, 3, 45, 60, 58,
    45, 50, 68, 56, 22, 52, 41, 37, 85, 41, 65, 58, 46, 55, 29, 26, 45,
    31, 37, 37, 45, 40, 53, 28, 40, 35, 54, 43, 41, 48, 58, 40, 29, 43,
    40, 19, 53, 48, 43, 49, 76, 46, 57, 57, 46, 43, 54, 52, 38, 51, 52,
    55, 46, 45, 30, 46, 44, 54, 51, 47, 53, 46, 44, 48, 42, 50, 35, 43,
    3, 34, 47, 46, 70, 47, 32, 30, 45, 47, 40, 45, 36, 59, 41, 52, 44,
    28, 42, 47, 38, 52, 56, 63, 37, 60, 44, 53, 47, 50, 32, 46, 49, 34,
    37, 49, 38, 59, 73, 93, 60, 47, 43, 54, 33, 46, 51, 45, 37, 43, 39,
    47, 67, 43, 67, 30, 58, 44, 55, 40, 64, 46, 45, 44, 34, 44, 48, 37,
    33, 47, 53, 42, 43, 42, 41, 42, 40, 62, 45, 25, 30, 49, 37, 50, 52,
    54, 63, 59, 51, 42, 37, 59, 55, 43, 59, 45, 46, 58, 50, 45, 56, 57,
    50, 56, 34, 43, 47, 47, 49, 42, 32, 52, 42, 47, 21, 35, 39, 39, 70,
    52, 41, 40, 60, 40, 62, 70, 47, 50, 62, 39, 62, 46, 34, 59, 44, 62,
    48, 48, 57, 48, 40, 36, 51, 32, 58, 38, 40, 41, 42, 55, 48, 42, 55,
    42, 51, 37, 58, 54, 42, 31, 52, 39, 35, 59, 72, 50, 44, 32, 62, 44,
    66, 28, 48, 48, 35, 55, 45, 57, 48, 25, 43, 46, 41, 53, 38, 43, 39,
    39, 36, 66, 46, 36, 37, 41, 56, 64, 75, 69, 55, 45, 39, 39, 25, 53,
    43, 43, 66, 67, 55, 69, 51, 48, 46, 37, 40, 27, 50, 27, 57, 67, 80,
    39, 39, 55, 54, 94, 49, 51, 35, 35, 29, 54, 42, 52, 48, 60, 43, 61,
    44, 47, 84, 52, 44, 31, 49, 56, 50, 60, 8, 48, 48, 28, 37, 53, 45,
    51, 41, 5, 26, 43, 63, 64, 76, 67, 30, 48, 52, 65, 45, 55, 71, 67,
    38, 53, 39, 55, 58, 51, 22, 52, 50, 57, 52, 53, 97, 43, 38, 27, 54,
    53, 28, 48, 59, 25, 35, 46, 67, 47, 48, 66, 50, 35, 55, 36, 42, 55,
    64, 50, 54, 41, 38, 51, 49, 31, 60, 53, 58, 44, 32, 39, 53, 9, 26,
    48, 35, 54, 48, 36, 53, 43, 38, 40, 52, 63, 34, 64, 27, 45, 25, 52,
    59, 54, 38, 59, 48, 50, 48, 37, 48, 55, 64, 64, 50, 51, 34, 46, 45,
    33, 45, 36, 49, 53, 56, 30, 47, 42, 41, 50, 32, 38, 38, 44, 33, 46,
    61, 44, 5, 59, 52, 56, 53, 32, 47, 42, 53, 35, 61, 42, 8, 40, 38, 43,
    59, 40, 42, 36, 56, 55, 52, 51, 30, 44, 61, 51, 52, 51, 48, 38, 51,
    58, 43, 44, 63, 51, 37, 70, 40, 50, 53, 50, 57, 46, 50, 37, 49, 66,
    40, 39, 73, 49, 30, 48, 43, 4, 38, 39, 30, 33, 38, 48, 32, 48, 35,
    46, 59, 68, 50, 43, 39, 44, 44, 6, 37, 83, 37, 48, 64, 46, 46, 37,
    51, 47, 26, 35, 40, 35, 42, 66, 78, 59, 65, 51, 36, 55, 43, 52, 34,
    45, 41, 44, 45, 50, 37, 27, 44, 36, 41, 49, 51, 58, 47, 56, 47, 31,
    49, 47, 54, 57, 32, 14, 41, 46, 52, 10, 36, 49, 53, 40, 63, 43, 43,
    50, 48, 52, 29, 43, 37, 39, 58, 42, 51, 51, 45, 53, 44, 50, 52, 56,
    34, 43, 29, 31, 22, 54, 61, 40, 60, 39, 44, 63, 55, 40, 52, 40, 59,
    44, 35, 35, 49, 31, 41, 33, 31, 58, 72, 45, 42, 47, 53, 53, 52, 64,
    41, 45, 43, 37, 32, 51, 50, 45, 49, 41, 44, 73, 35, 39, 26, 46, 40,
    29, 39, 54, 56, 46, 39, 65, 45, 71, 38, 40, 35, 62, 48, 47, 20, 44,
    33, 73, 46, 41, 34, 47, 36, 55, 37, 38, 48, 32, 36, 37, 35, 26, 36,
    52, 35, 54, 48, 49, 53, 39, 49, 70, 68, 45, 54, 46, 65, 35, 25, 50,
    50, 56, 31, 52, 48, 67, 3, 55, 44, 56, 31, 26, 48, 64, 40, 43, 37,
    26, 50, 71, 48, 56, 46, 46, 44, 25, 35, 42, 46, 56, 35, 40, 39, 35,
    50, 34, 38, 37, 39, 51, 70, 35, 41, 40, 47, 35, 51, 33, 43, 45, 51,
    52, 50, 40, 53, 53, 44, 44, 54, 51, 3, 41, 49, 40, 56, 46, 32, 52,
    53, 38, 35, 53, 38, 45, 34, 44, 41, 44, 39, 31, 46, 57, 23, 44, 38,
    50, 28, 51, 45, 40, 39, 64, 41, 42, 61, 42, 47, 54, 53, 51, 48, 51,
    39, 57, 36, 54, 46, 46, 34, 38, 48, 61, 33, 45, 37, 47, 40, 40, 39,
    50, 48, 48, 57, 36, 39, 42, 33, 75, 40, 65, 35, 73, 59, 36, 40, 67,
    36, 45, 53, 41, 52, 48, 33, 53, 51, 44, 65, 41, 34, 50, 47, 47, 57,
    26, 46, 34, 45, 30, 45, 49, 46, 53, 53, 39, 39, 60, 46, 59, 26, 47,
    50, 38, 33, 34, 32, 21, 20, 35, 46, 37, 76, 22, 51, 41, 50, 39, 42,
    42, 34, 48, 55, 49, 36, 38, 51, 58, 48, 74, 24, 52, 38, 4, 61, 46,
    47, 44, 48, 48, 48, 25, 55, 45, 39, 33, 50, 28, 46, 38, 44, 44, 65,
    37, 52, 61, 37, 34, 44, 63, 52, 46, 36, 42, 61, 47, 10, 47, 42, 31,
    57, 45, 44, 37, 29, 41, 11, 30, 37, 48, 44, 51, 65, 53, 65, 30, 36,
    50, 36, 45, 46, 45, 56, 28, 52, 33, 46, 42, 36, 60, 38, 47, 38, 48,
    47, 40, 31, 36, 65, 40, 44, 34, 39, 36, 52, 40, 43, 69, 39, 46, 50,
    7, 33, 71, 42, 43, 38, 40, 50, 31, 40, 30, 40, 46, 55, 53, 81, 54,
    49, 44, 52, 43, 42, 33, 54, 73, 52, 51, 45, 45, 49, 40, 44, 37, 39,
    31, 39, 26, 35, 47, 45, 46, 27, 39, 24, 36, 42, 51, 54, 43, 37, 50,
    40, 42, 46, 62, 54, 52, 42, 48, 62, 39, 51, 40, 57, 40, 42, 36, 43,
    36, 56, 36, 70, 42, 30, 56, 40, 39, 31, 49, 40, 45, 49, 55, 46, 38,
    39, 41, 45, 34, 37, 43, 46, 45, 55, 26, 36, 42, 43, 43, 47, 22, 32,
    56, 62, 23, 50, 47, 47, 58, 53, 60, 58, 39, 44, 59, 54, 85, 52, 49,
    39, 51, 40, 38, 49, 53, 62, 44, 70, 21, 24, 37, 35, 43, 40, 39, 40,
    57, 40, 51, 59, 26, 52, 44, 50, 49, 41, 54, 48, 50, 43, 53, 55, 65,
    40, 53, 34, 23, 27, 40, 9, 67, 51, 62, 29, 57, 35, 44, 61, 53, 40,
    31, 45, 50, 55, 45, 32, 45, 64, 59, 59, 47, 49, 56, 35, 51, 60, 25,
    48, 44, 31, 39, 44, 56, 55, 45, 32, 57, 47, 50, 50, 41, 53, 48, 34,
    42, 28, 51, 29, 51, 62, 54, 61, 51, 43, 55, 43, 52, 43, 51, 41, 35,
    29, 41, 40, 45, 51, 52, 41, 56, 59, 53, 52, 65, 48, 56, 27, 29, 50,
    55, 45, 34, 34, 50, 55, 26, 46, 37, 47, 44, 49, 33, 52, 28, 63, 51,
    68, 40, 50, 39, 38, 26, 39, 40, 41, 41, 4, 47, 53, 47, 55, 44, 45,
    59, 34, 28, 35, 53, 24, 47, 49, 63, 45, 41, 55, 29, 60, 38, 58, 51,
    36, 54, 44, 45, 30, 35, 40, 54, 31, 37, 32, 47, 45, 50, 51, 29, 47,
    58, 31, 46, 31, 50, 38, 46, 42, 46, 49, 54, 43, 54, 65, 45, 35, 38,
    40, 51, 45, 13, 47, 23, 68, 50, 55, 33, 33, 31, 42, 54, 36, 40, 69,
    27, 62, 37, 48, 34, 47, 39, 63, 42, 51, 36, 49, 51, 40, 42, 33, 42,
    51, 57, 43, 35, 42, 35, 23, 46, 51, 44, 40, 32, 40, 39, 42, 45, 35,
    21, 36, 30, 45, 51, 43, 52, 51, 37, 24, 32, 52, 47, 43, 39, 58, 41,
    35, 58, 35, 31, 33, 37, 44, 43, 37, 29, 32, 68, 43, 89, 45, 29, 55,
    36, 40, 52, 38, 45, 37, 46, 46, 40, 52, 47, 40, 75, 42, 61, 42, 44,
    53, 34, 28, 38, 21, 19, 56, 44, 47, 53, 66, 56 ]
size: 200
