%YAML:1.0
dots: [ 46, 51, 25, 34, 36, 40, 25, 45, 33, 60, 35, 53, 42, 46, 20, 81,
    39, 42, 25, 31, 46, 25, 44, 43, 46, 26, 34, 16, 34, 36, 18, 34, 47,
    23, 60, 22, 34, 43, 46, 62, 43, 41, 32, 45, 43, 46, 33, 45, 52, 28,
    45, 34, 30, 40, 36, 48, 47, 44, 42, 38, 49, 30, 59, 33, 20, 27, 60,
    39, 49, 30, 32, 37, 47, 56, 34, 39, 53, 32, 44, 26, 47, 34, 59, 40,
    31, 47, 36, 33, 67, 44, 32, 38, 22, 29, 43, 34, 65, 47, 30, 35, 63,
    37, 39, 30, 34, 50, 45, 27, 33, 60, 39, 48, 27, 44, 37, 25, 37, 41,
    34, 51, 51, 29, 41, 56, 47, 40, 42, 29, 35, 36, 36, 46, 29, 31, 39,
    49, 47, 49, 38, 41, 50, 54, 67, 46, 56, 47, 45, 13, 31, 44, 28, 49,
    52, 47, 30, 30, 35, 32, 28, 29, 40, 51, 31, 58, 34, 19, 31, 37, 21,
    47, 22, 22, 40, 33, 25, 43, 56, 37, 25, 57, 39, 54, 52, 24, 49, 42,
    57, 37, 43, 54, 43, 34, 40, 37, 51, 54, 47, 38, 37, 21, 50, 51, 35,
    48, 35, 36, 44, 60, 40, 44, 30, 62, 41, 23, 54, 35, 36, 36, 27, 23,
    25, 60, 30, 27, 32, 40, 25, 29, 47, 70, 36, 40, 55, 30, 55, 47, 44,
    32, 43, 56, 37, 32, 43, 38, 35, 44, 33, 46, 47, 41, 56, 35, 22, 55,
    49, 47, 35, 45, 30, 67, 25, 63, 31, 43, 40, 47, 59, 35, 21, 36, 28,
    36, 40, 83, 23, 39, 62, 39, 34, 47, 40, 46, 43, 44, 39, 42, 50, 24,
    49, 27, 45, 27, 50, 44, 20, 41, 50, 53, 37, 26, 24, 33, 32, 40, 22,
    53, 44, 33, 33, 47, 26, 44, 22, 37, 42, 37, 24, 46, 28, 37, 35, 31,
    40, 2, 39, 25, 20, 45, 58, 38, 32, 39, 37, 33, 35, 22, 46, 38, 51,
    36, 16, 44, 31, 46, 43, 43, 32, 41, 30, 52, 26, 50, 57, 33, 36, 43,
    46, 52, 39, 45, 47, 44, 30, 33, 37, 45, 30, 43, 30, 49, 46, 24, 70,
    40, 25, 28, 19, 39, 45, 40, 49, 40, 51, 44, 63, 44, 23, 47, 31, 44,
    24, 27, 35, 11, 42, 31, 36, 44, 57, 40, 32, 53, 31, 42, 61, 40, 34,
    17, 36, 48, 22, 28, 16, 39, 42, 43, 28, 32, 38, 31, 29, 45, 38, 39,
    47, 34, 52, 21, 33, 44, 26, 43, 71, 34, 35, 4, 24, 43, 44, 36, 47,
    40, 50, 64, 51, 34, 43, 38, 25, 42, 40, 38, 10, 36, 21, 75, 35, 33,
    37, 27, 60, 48, 42, 37, 40, 40, 43, 21, 26, 35, 46, 44, 30, 44, 40,
    39, 37, 42, 52, 39, 51, 27, 54, 33, 44, 36, 33, 47, 46, 62, 41, 36,
    38, 35, 44, 40, 45, 33, 53, 46, 27, 41, 42, 24, 31, 29, 44, 41, 32,
    34, 47, 52, 39, 57, 38, 31, 43, 44, 40, 56, 43, 33, 40, 36, 43, 44,
    39, 46, 54, 19, 33, 36, 45, 47, 23, 32, 28, 64, 33, 44, 42, 33, 38,
    37, 39, 52, 45, 30, 41, 31, 53, 34, 51, 38, 48, 56, 26, 29, 34, 44,
    55, 35, 38, 35, 30, 38, 25, 42, 43, 31, 43, 49, 27, 35, 31, 32, 37,
    43, 38, 34, 39, 23, 32, 33, 31, 38, 34, 35, 23, 54, 33, 39, 30, 17,
    45, 41, 36, 47, 26, 21, 46, 50, 41, 30, 56, 17, 40, 29, 61, 38, 28,
    42, 27, 28, 32, 27, 40, 30, 54, 17, 57, 57, 51, 36, 21, 48, 39, 23,
    48, 38, 52, 34, 36, 44, 42, 31, 16, 59, 41, 46, 46, 48, 47, 42, 45,
    49, 29, 41, 47, 42, 41, 40, 34, 38, 46, 31, 43, 31, 38, 43, 39, 41,
    40, 46, 56, 36, 31, 31, 40, 38, 62, 26, 51, 57, 44, 39, 51, 37, 35,
    50, 34, 27, 48, 36, 37, 43, 53, 31, 31, 28, 30, 45, 36, 27, 29, 42,
    42, 21, 23, 30, 42, 46, 38, 27, 30, 27, 39, 27, 41, 34, 27, 41, 26,
    47, 29, 42, 47, 30, 38, 31, 40, 13, 36 ]
