%YAML:1.0
dots: [ 26, 33, 42, 19, 20, 37, 41, 28, 24, 39, 26, 16, 51, 37, 20, 21,
    36, 31, 32, 27, 38, 35, 37, 46, 26, 28, 24, 40, 35, 33, 35, 32, 21,
    30, 38, 32, 23, 33, 42, 21, 41, 33, 45, 29, 34, 26, 28, 56, 37, 24,
    19, 44, 28, 29, 31, 37, 52, 37, 41, 39, 37, 33, 27, 37, 44, 36, 27,
    30, 32, 39, 32, 41, 42, 51, 33, 28, 33, 43, 22, 40, 44, 33, 33, 32,
    29, 36, 40, 39, 39, 49, 29, 37, 36, 42, 28, 33, 34, 17, 29, 30, 29,
    26, 11, 37, 29, 43, 35, 25, 29, 34, 22, 26, 28, 32, 26, 42, 28, 36,
    47, 25, 29, 44, 27, 24, 23, 33, 23, 27, 43, 45, 51, 30, 35, 39, 37,
    29, 33, 30, 32, 29, 23, 31, 50, 51, 35, 38, 27, 40, 49, 33, 34, 26,
    43, 37, 45, 40, 31, 28, 31, 21, 42, 36, 35, 33, 25, 18, 29, 32, 29,
    34, 56, 32, 26, 40, 27, 41, 48, 35, 29, 46, 29, 25, 28, 31, 29, 29,
    31, 47, 26, 39, 33, 20, 40, 21, 33, 42, 42, 27, 24, 29, 23, 32, 21,
    39, 43, 35, 26, 19, 45, 35, 33, 25, 23, 12, 30, 34, 36, 41, 39, 19,
    35, 22, 39, 38, 31, 41, 31, 36, 39, 28, 29, 36, 20, 27, 40, 32, 39,
    28, 42, 35, 35, 47, 17, 23, 25, 30, 47, 45, 39, 33, 42, 35, 46, 31,
    41, 34, 32, 41, 34, 29, 37, 41, 42, 19, 41, 29, 34, 33, 30, 42, 26,
    24, 27, 41, 29, 41, 44, 30, 25, 23, 29, 21, 38, 30, 43, 37, 40, 35,
    29, 22, 33, 37, 37, 25, 33, 35, 37, 50, 35, 18, 40, 25, 26, 39, 27,
    29, 38, 19, 49, 40, 26, 30, 40, 47, 32, 38, 45, 43, 27, 47, 39, 34,
    45, 23, 26, 39, 30, 37, 28, 26, 35, 33, 38, 36, 41, 48, 29, 39, 26,
    25, 49, 37, 44, 25, 31, 25, 34, 29, 34, 32, 44, 32, 20, 42, 25, 30,
    52, 31, 39, 26, 28, 25, 27, 39, 41, 38, 33, 23, 38, 35, 41, 30, 32,
    32, 42, 35, 31, 37, 22, 42, 34, 35, 27, 28, 30, 37, 32, 37, 27, 37,
    34, 35, 32, 44, 29, 24, 39, 31, 28, 34, 32, 36, 31, 24, 42, 36, 26,
    27, 41, 14, 48, 45, 32, 21, 28, 41, 37, 37, 51, 32, 23, 22, 30, 42,
    42, 30, 49, 43, 42, 38, 28, 37, 30, 36, 25, 30, 26, 50, 32, 41, 42,
    22, 23, 26, 25, 28, 22, 39, 33, 30, 26, 36, 39, 38, 42, 30, 17 ]
size: 102
