%YAML:1.0
dots: [ 1639, 2011, 1550, 1774, 2531, 1837, 1960, 2346, 1941, 2113, 2157,
    2607, 2736, 1492, 2335, 2061, 1670, 1676, 1886, 1772, 2011, 2585,
    1828, 1759, 1911, 1879, 2027, 2563, 2185, 1740, 1797, 1664, 2020,
    2743, 990, 2270, 2427, 1250, 2230, 2252, 2365, 1991, 2104, 2154,
    1797, 1722, 1967, 2082, 1398, 1373, 2918, 1468, 1783, 1684, 1622,
    2079, 1571, 2352, 2052, 1798, 1872, 2078, 2297, 1869, 1904, 2067,
    2068, 2169, 2077, 2093, 2168, 1014, 1639, 1615, 1725, 1190, 1637,
    2765, 2224, 1545, 2112, 2329, 1942, 2266, 2090, 2254, 1937, 1693,
    2291, 1949, 2052, 1428, 1915, 1739, 2409, 1813, 2428, 2361, 2841,
    1782, 1711, 2502, 1697, 1824, 1629, 1702, 2237, 1960, 1793, 2063,
    2271, 1881, 2058, 2479, 1777, 2257, 2246, 2369, 2261, 1684, 2585,
    2438, 2036, 1848, 2375, 1650, 1645, 2240, 1471, 1661, 2052, 911,
    1287, 1844, 1668, 1204, 1591, 1791, 1691, 2162, 2277, 2380, 1799,
    2227, 1874, 2005, 1605, 1862, 1926, 2343, 1217, 2912, 2564, 1350,
    1274, 1574, 2428, 2016, 2002, 2126, 2345, 1982, 2266, 2078, 2420,
    2125, 2005, 1515, 1848, 2012, 2042, 1547, 2387, 1494, 2274, 1631,
    1598, 2190, 2162, 1937, 1741, 2006, 1060, 2205, 1983, 1544, 2440,
    1801, 1407, 2172, 2098, 1620, 2479, 2285, 1559, 1944, 2151, 1361,
    1687, 2136, 1540, 2203, 1796, 1651, 1514, 2582, 2088, 1583, 2009,
    1927, 1940, 2816, 2150, 1933, 2483, 1274, 2269, 2083, 1832, 1816,
    1660, 1732, 2142, 1990, 1805, 2001, 2101, 1699, 2059, 1908, 1801,
    1919, 1658, 1656, 2191, 1803, 3285, 994, 2336, 1664, 2121, 1829,
    1755, 1626, 1811, 2050, 2985, 2081, 1720, 2066, 1999, 1893, 1872,
    2073, 1974, 1896, 1872, 1489, 2068, 2560, 1402, 2014, 1342, 1992,
    2465, 1583, 1550, 1868, 2386, 1407, 2162, 1884, 2116, 1731, 1481,
    1469, 1965, 1443, 2179, 1843, 1885, 1247, 1905, 2151, 2164, 1648,
    2315, 1672, 2086, 1878, 2231, 2027, 1992, 1756, 1745, 1914, 2081,
    1409, 1876, 1143, 2464, 1438, 2015, 2559, 2085, 1144, 1732, 1462,
    1758, 2585, 2729, 1765, 1455, 1965, 1821, 1952, 2536, 1386, 616,
    1746, 1995, 1747, 2161, 1848, 1657, 2019, 1678, 1490, 1888, 2068,
    1516, 1489, 2161, 1592, 2473, 1786, 1716, 1762, 2045, 1593, 1315,
    2836, 2420, 2095, 1893, 1569, 1021, 1882, 1729, 2178, 1858, 1931,
    1854, 2483, 1622, 2994, 1250, 1516, 1453, 1701, 2555, 1816, 1427,
    2172, 2047, 1904, 2123, 2187, 2007, 2078, 1767, 1915, 2784, 1916,
    1558, 1182, 1990, 2082, 1460, 1550, 2025, 1820, 2371, 1870, 2642,
    1644, 1620, 2297, 2274, 1919, 1935, 1837, 1808, 1831, 1729, 1204,
    2159, 2257, 1854, 1854, 1376, 2544, 2290, 1850, 1483, 2288, 2143,
    1941, 294, 1980, 2144, 1582, 1919, 2306, 1538, 2299, 1979, 2439,
    1650, 1588, 1608, 1729, 1331, 2105, 1597, 1871, 1769, 1778, 1484,
    1894, 1474, 1986, 1688, 1710, 1921, 2104, 2501, 2637, 1775, 2149,
    2675, 2251, 1833, 1788, 1631, 2088, 2734, 2072, 2116, 1520, 2446,
    2458, 1804, 2055, 1864, 2283, 1758, 2023, 2413, 1998, 1526, 1844,
    2794, 1723, 2560, 1877, 1823, 2130, 2016, 1403, 2162, 2109, 1297,
    2410, 1563, 2605, 1870, 1840, 1634, 2686, 2335, 1260, 2601, 2104,
    1837, 2282, 1403, 1570, 1553, 1578, 2387, 1779, 2386, 1527, 2096,
    1409, 1983, 2124, 1841, 2296, 1915, 1724, 2772, 1780, 1901, 2124,
    1961, 2429, 2349, 2071, 2279, 2325, 1351, 1309, 2147, 1842, 1733,
    2495, 2151, 1807, 2174, 1811, 1801, 2172, 1490, 1884, 1734, 1552,
    2301, 2196, 2173, 1346, 1803, 1709, 3013, 1641, 2258, 2128, 1540,
    1529, 1592, 2184, 910, 1478, 2059, 1866, 1579, 1480, 1864, 1558,
    2068, 1973, 1884, 1740, 1972, 1622, 1726, 2152, 2020, 1896, 1897,
    2201, 1694, 2301, 1641, 2066, 1973, 1839, 2069, 1316, 2205, 1450,
    2135, 1782, 2129, 1594, 2737, 1882, 3014, 2046, 2280, 1171, 2677,
    1622, 1549, 1667, 2141, 2252, 1584, 1519, 2171, 1178, 1698, 1931,
    1949, 2009, 1387, 1842, 1821, 2454, 1623, 2147, 2058, 2091, 2007,
    2518, 1054, 1703, 1753, 2005, 1093, 1701, 1223, 1981, 2208, 1520,
    1807, 1336, 1684, 2064, 1629, 1041, 2278, 2184, 1536, 1947, 1843,
    1959, 1917, 1595, 1952, 1299, 1503, 1982, 2381, 2210, 1821, 2280,
    2208, 1924, 2148, 1568, 1705, 2608, 2031, 1913, 2630, 1717, 1792,
    1137, 2014, 2551, 1927, 1849, 2189, 1973, 1964, 2086, 2047, 1607,
    2261, 1970, 1850, 1853, 2377, 1560, 2136, 1303, 1863, 1531, 1857,
    1851, 1853, 1912, 2019, 2012, 2194, 2579, 1474, 2279, 1044, 1521,
    1717, 1642, 2933, 1783, 2491, 2480, 2026, 1792, 1816, 2073, 2317,
    2347, 1435, 1535, 2141, 1987, 1461, 2256, 1626, 2000, 2051, 1842,
    1776, 1128, 1766, 1262, 659, 1604, 1814, 2073, 1803, 1708, 1721,
    1889, 1700, 2031, 2367, 1595, 2022, 2211, 1580, 1635, 1874, 2180,
    2014, 1911, 1430, 2023, 1717, 1366, 1610, 2127, 2296, 2524, 1928,
    2426, 2112, 2012, 1523, 1411, 2096, 1425, 1874, 1805, 1615, 2518,
    2597, 2161, 2141, 2453, 1781, 1939, 1651, 1972, 2074, 2105, 1747,
    2466, 2074, 1858, 2122, 1835, 1928, 2473, 2360, 2330, 1759, 2272,
    2241, 1567, 1923, 1802, 1489, 1974, 1349, 1873, 1774, 1979, 2162,
    1527, 1965, 1517, 1959, 2642, 1871, 2220, 2202, 1298, 2143, 1870,
    1345, 1604, 2055, 1765, 3133, 2413, 1494, 709, 1845, 1506, 1592,
    1898, 1966, 1016, 1385, 1994, 2085, 2005, 2031, 1066, 1963, 1670,
    1650, 2661, 2438, 1692, 2298, 1927, 2066, 2437, 2141, 2012, 1388,
    2132, 1980, 1435, 1534, 2105, 2000, 1763, 1933, 2155, 1281, 1477,
    1830, 1681, 1817, 1918, 1265, 1757, 1005, 2306, 2035, 1026, 1403,
    1965, 2301, 2386, 1937, 1826, 2053, 2311, 1740, 1852, 2114, 1692,
    1579, 2239, 1655, 1963, 1284, 1757, 2503, 1409, 1688, 1520, 1717,
    1453, 2055, 1500, 1860, 1917, 1286, 2222, 1630, 2383, 2121, 1427,
    2357, 1886, 2248, 1607, 1721, 2119, 1585, 1900, 1701, 2128, 1556,
    2204, 1572, 2349, 2117, 1409, 2157, 1707, 1519, 1633, 2133, 1960,
    2160, 2218, 2193, 2594, 2147, 1324, 2201, 2366, 2367, 3166, 1954,
    1632, 1051, 2226, 1565, 1775, 1615, 1418, 2052, 1950, 2037, 2466,
    1859, 2104, 1649, 1883, 1766, 1733, 1854, 1509, 1897, 1732, 1750,
    1689, 1190, 1704, 2558, 1953, 2066, 1441, 1448, 1933, 2490, 2002,
    2186, 1494, 1813, 1865, 1903, 2336, 1516, 1889, 1943, 1355, 1804,
    2916, 1717, 2277, 2215, 1895, 1990, 2606, 1776, 1779, 1919, 1935,
    1801, 1551, 2046, 1878, 1776, 1728, 1808, 1841, 1803, 2205, 1828,
    1799, 1328, 2324, 2165, 1958, 1275, 1966, 2698, 1350, 2003, 1816,
    2298, 1738, 2214, 2210, 1691, 1850, 2266, 1602, 1934, 2187, 1946,
    2090, 1618, 2738, 1913, 1720, 2179, 1888, 2091, 1827, 2107, 2245,
    1391, 1778, 1494, 2984, 1578, 1775, 1993, 2227, 969, 1766, 1799,
    1762, 2039, 1961, 1467, 2381, 2006, 1624, 2145, 1668, 1352, 638,
    2064, 1866, 2467, 2053, 2041, 1744, 1753, 1456, 1677, 1778, 1669,
    1977, 1657, 2283, 2043, 2079, 1206, 1879, 1456, 2203, 1077, 2064,
    2044, 2132, 1909, 1400, 1871, 2361, 1063, 1336, 1697, 2073, 1304,
    1632, 1766, 2452, 1918, 1928, 2010, 2294, 2386, 2022, 1385, 1271,
    1721, 1708, 1297, 1736, 1997, 1134, 1627, 1162, 1904, 1576, 1717,
    1483, 1961, 1962, 1315, 2572, 1341, 1703, 1761, 1669, 2760, 1761,
    1541, 1596, 2003, 1770, 2253, 1881, 1299, 2228, 2056, 1742, 1854,
    1936, 1509, 1711, 2132, 1668, 1437, 2130, 1258, 2362, 1549, 1857,
    1509, 1477, 2125, 2078, 1711, 1163, 2076, 2130, 2426, 2172, 1484,
    1908, 1701, 1718, 1066, 1747, 1936, 2138, 1481, 1837, 1988, 2354,
    1296, 1596, 1427, 1911, 2026, 1726, 1077, 1557, 1568, 2037, 1328,
    1478, 1469, 1156, 2014, 1513, 1734, 1785, 1887, 2084, 1784, 2377,
    1781, 1423, 1637, 1861, 2282, 1664, 1673, 2232, 1161, 2078, 1501,
    2297, 1571, 2180, 1737, 2185, 1710, 1511, 1026, 1622, 2504, 1800,
    2224, 1591, 1641, 1265, 1803, 2992, 1740, 1618, 2113, 1559, 1685,
    1895 ]
size: 6860
