%YAML:1.0
indexInverted 0: [ 2, 3, 4, 6, 10, 11, 15, 19, 21, 24, 25, 29, 30, 31,
    32, 35, 39, 50, 54, 56, 61, 64, 73, 76, 88, 89 ]
indexInverted 1: [ 8, 14, 15, 34, 37, 38, 40, 45, 46, 49, 51, 52, 56, 57,
    60, 61, 62, 63, 64, 66, 69, 70, 71, 75, 76, 79, 80, 81, 85, 90, 91,
    92, 99 ]
indexInverted 2: [ 0, 2, 3, 4, 5, 6, 13, 14, 17, 20, 21, 22, 23, 24, 31,
    33, 37, 38, 43, 44, 46, 47, 49, 50, 52, 55, 58, 62, 66, 69, 70, 73,
    74, 83, 86, 90, 91, 94, 97, 99, 100, 101 ]
indexInverted 3: [ 2, 3, 4, 6, 7, 11, 12, 24, 25, 29, 30, 32, 50, 54, 61,
    64, 73, 81, 90 ]
indexInverted 4: [ 2, 4, 6, 9, 19, 20, 23, 41, 43, 47, 50, 54, 57, 61,
    64, 69, 71, 73, 74, 85 ]
indexInverted 5: [ 1, 2, 3, 4, 6, 11, 13, 15, 17, 18, 21, 22, 23, 24, 26,
    28, 29, 30, 31, 32, 33, 40, 42, 48, 50, 54, 56, 61, 64, 67, 68, 72,
    73, 79, 90, 94, 95 ]
indexInverted 6: [ 2, 3, 4, 6, 9, 10, 12, 15, 16, 19, 21, 22, 23, 24, 25,
    26, 29, 30, 31, 32, 38, 40, 46, 48, 49, 50, 54, 56, 57, 61, 64, 69,
    72, 73, 74, 82, 84, 88, 93, 97, 99 ]
indexInverted 7: [ 0, 1, 2, 3, 4, 6, 7, 9, 10, 11, 12, 20, 23, 24, 25,
    29, 30, 32, 33, 42, 50, 54, 56, 64, 72, 79, 82, 92 ]
indexInverted 8: [ 0, 1, 2, 3, 4, 6, 11, 14, 23, 29, 32, 33, 36, 42, 48,
    56, 61, 65, 68, 72, 82, 87, 98, 101 ]
indexInverted 9: [ 10, 11, 12, 13, 14, 15, 17, 19, 21, 22, 23, 25, 28,
    31, 37, 38, 40, 42, 43, 47, 49, 50, 52, 54, 55, 62, 64, 70, 71, 74,
    78, 79, 82, 83, 87, 90, 91, 93, 99 ]
indexInverted 10: [ 4, 6, 7, 10, 11, 13, 15, 22, 23, 25, 29, 30, 32, 35,
    42, 43, 56, 62, 63, 70, 74, 93, 94, 97, 99, 101 ]
indexInverted 11: [ 6, 7, 10, 14, 31, 33, 34, 43, 44, 46, 47, 76, 77, 78,
    85, 93 ]
indexInverted 12: []
indexInverted 13: [ 4, 8, 11, 14, 21, 22, 23, 24, 27, 31, 34, 38, 40, 43,
    44, 49, 52, 55, 58, 62, 63, 66, 69, 70, 71, 75, 76, 77, 80, 81, 82,
    85, 91, 95, 97, 99, 100 ]
indexInverted 14: [ 2, 3, 6, 7, 11, 16, 19, 23, 24, 26, 29, 30, 42, 50,
    56, 68, 72, 73, 89, 97 ]
indexInverted 15: [ 5, 9, 10, 11, 13, 15, 22, 23, 25, 37, 46, 50, 53, 57,
    62, 70, 79, 82, 85, 93, 99 ]
indexInverted 16: [ 2, 4, 5, 6, 10, 11, 13, 15, 18, 21, 23, 31, 35, 40,
    41, 46, 48, 50, 54, 56, 58, 61, 72, 73, 74, 77, 78, 81, 84, 88, 89,
    90, 93, 94, 95, 99 ]
indexInverted 17: [ 2, 4, 6, 7, 10, 12, 13, 14, 19, 21, 23, 25, 28, 29,
    31, 32, 39, 42, 46, 50, 54, 56, 58, 61, 67, 68, 74, 76, 81, 83, 99 ]
indexInverted 18: [ 2, 6, 10, 12, 14, 15, 16, 21, 23, 24, 29, 31, 38, 43,
    44, 46, 49, 50, 54, 57, 58, 63, 64, 66, 67, 70, 72, 74, 76, 80, 81,
    85 ]
indexInverted 19: [ 2, 3, 4, 6, 11, 12, 13, 14, 20, 23, 24, 29, 32, 39,
    42, 48, 50, 54, 56, 61, 64, 65, 68, 72, 73, 92, 101 ]
indexInverted 20: [ 2, 5, 6, 10, 12, 14, 19, 21, 23, 24, 26, 31, 32, 37,
    38, 40, 43, 49, 50, 51, 52, 57, 58, 63, 64, 71, 74, 79, 81, 85, 88,
    91, 94, 95, 97, 99, 100, 101 ]
indexInverted 21: [ 0, 2, 3, 4, 6, 9, 10, 11, 13, 14, 15, 17, 20, 24, 25,
    27, 29, 31, 32, 34, 50, 54, 56, 57, 58, 61, 64, 68, 72, 74, 82, 90,
    98, 99, 101 ]
indexInverted 22: [ 2, 3, 4, 5, 6, 8, 11, 14, 15, 18, 20, 23, 24, 29, 32,
    39, 43, 49, 50, 51, 52, 54, 58, 61, 63, 67, 68, 73, 74, 75, 76, 79,
    82, 85, 86, 95, 101 ]
indexInverted 23: [ 2, 10, 12, 14, 15, 17, 21, 22, 23, 24, 25, 28, 29,
    31, 36, 37, 40, 44, 46, 49, 50, 51, 52, 54, 57, 58, 61, 63, 67, 69,
    70, 71, 74, 76, 77, 78, 80, 81, 82, 84, 85, 88, 91, 93, 99, 100 ]
indexInverted 24: [ 3, 5, 7, 10, 12, 14, 20, 21, 24, 25, 28, 31, 38, 46,
    52, 55, 58, 61, 69, 74, 76, 80, 86, 91, 95, 99 ]
indexInverted 25: [ 0, 3, 6, 7, 9, 11, 13, 14, 19, 20, 23, 24, 25, 28,
    29, 30, 33, 36, 39, 48, 54, 58, 61, 64, 72, 89, 96, 98 ]
indexInverted 26: [ 0, 1, 2, 3, 4, 6, 11, 14, 16, 17, 21, 24, 29, 32, 40,
    42, 50, 52, 54, 56, 61, 64, 72, 90 ]
indexInverted 27: [ 0, 2, 3, 4, 6, 9, 10, 11, 12, 15, 16, 17, 20, 21, 23,
    28, 29, 32, 36, 40, 44, 46, 47, 54, 56, 58, 61, 62, 69, 73, 75, 76,
    81, 82, 89, 90, 91, 92, 93, 97 ]
indexInverted 28: [ 2, 10, 12, 13, 15, 20, 23, 31, 32, 34, 37, 38, 40,
    41, 43, 44, 46, 47, 49, 52, 54, 55, 62, 63, 64, 69, 76, 77, 79, 82,
    83, 88, 90, 91, 93 ]
indexInverted 29: [ 6, 10, 14, 15, 16, 17, 20, 35, 36, 37, 38, 39, 43,
    44, 46, 47, 49, 52, 55, 56, 63, 66, 70, 75, 76, 79, 80, 81, 82, 85,
    90, 93, 99 ]
indexInverted 30: [ 1, 2, 5, 6, 7, 11, 14, 16, 17, 20, 23, 24, 25, 26,
    27, 31, 32, 35, 38, 42, 43, 46, 50, 54, 57, 58, 65, 68, 69, 72, 73,
    82, 85, 89, 91 ]
indexInverted 31: [ 2, 6, 10, 13, 15, 22, 23, 25, 31, 37, 39, 40, 41, 44,
    47, 50, 51, 57, 58, 63, 66, 76, 77, 78, 81, 83, 85, 86, 89, 90, 91,
    99 ]
indexInverted 32: [ 2, 4, 6, 11, 19, 21, 23, 24, 29, 32, 39, 40, 42, 50,
    54, 61, 68, 72, 73, 75, 94 ]
indexInverted 33: [ 2, 3, 5, 6, 9, 10, 11, 12, 14, 17, 18, 20, 21, 23,
    29, 30, 32, 33, 46, 50, 53, 58, 61, 62, 64, 72, 73, 79, 85, 90 ]
indexInverted 34: [ 2, 7, 9, 14, 15, 17, 21, 22, 23, 25, 26, 29, 30, 32,
    36, 38, 42, 44, 46, 50, 52, 54, 56, 57, 61, 62, 64, 68, 69, 72, 74,
    75, 79, 81, 82, 85, 88, 90 ]
indexInverted 35: [ 2, 3, 4, 6, 11, 12, 15, 17, 20, 21, 23, 24, 25, 28,
    29, 32, 39, 40, 42, 43, 50, 54, 61, 64, 70, 72, 73, 74, 75, 82, 90,
    94 ]
indexInverted 36: [ 3, 11, 13, 15, 20, 34, 37, 38, 40, 43, 44, 46, 56,
    63, 70, 76, 78, 79, 81, 83, 85, 91, 99 ]
indexInverted 37: [ 2, 4, 6, 9, 10, 11, 12, 13, 15, 18, 22, 23, 25, 29,
    32, 39, 40, 43, 50, 56, 58, 61, 62, 70, 72, 73, 77, 78, 79, 85, 90,
    97, 101 ]
indexInverted 38: [ 0, 2, 3, 4, 5, 6, 11, 12, 13, 15, 16, 17, 19, 21, 23,
    24, 26, 29, 30, 31, 32, 33, 36, 37, 42, 46, 48, 50, 54, 56, 58, 61,
    64, 68, 72, 73, 74, 78, 79, 82, 89, 95 ]
indexInverted 39: [ 10, 14, 15, 20, 22, 24, 31, 38, 44, 46, 49, 52, 57,
    58, 70, 74, 76, 77, 81, 85, 99 ]
indexInverted 40: [ 2, 3, 4, 6, 7, 9, 10, 11, 12, 13, 14, 15, 17, 18, 19,
    22, 23, 24, 26, 29, 31, 32, 34, 37, 40, 42, 43, 48, 50, 58, 67, 70,
    72, 73, 74, 75, 78, 79, 82, 90, 95 ]
indexInverted 41: [ 6, 11, 15, 16, 23, 25, 33, 37, 38, 43, 44, 46, 47,
    49, 52, 55, 56, 57, 63, 64, 66, 67, 69, 70, 71, 74, 76, 79, 85, 90,
    91, 93, 95 ]
indexInverted 42: [ 0, 1, 2, 3, 5, 6, 7, 10, 12, 14, 15, 17, 19, 21, 22,
    24, 25, 26, 29, 30, 31, 32, 33, 36, 38, 39, 40, 41, 46, 50, 54, 56,
    58, 61, 64, 68, 72, 74, 78, 82, 89, 94, 96, 99, 101 ]
indexInverted 43: [ 2, 4, 6, 10, 12, 13, 14, 15, 18, 19, 23, 26, 36, 40,
    43, 47, 50, 54, 58, 61, 64, 72, 74, 78, 79, 82, 85, 90, 101 ]
indexInverted 44: [ 6, 14, 15, 16, 20, 23, 31, 34, 35, 37, 38, 41, 44,
    46, 49, 52, 55, 62, 63, 64, 69, 74, 76, 77, 78, 79, 81, 83, 85, 88,
    91, 93, 95, 99 ]
indexInverted 45: [ 8, 15, 23, 24, 27, 31, 34, 38, 43, 46, 49, 52, 54,
    55, 56, 66, 69, 76, 77, 78, 80, 82, 85, 91, 97, 99 ]
indexInverted 46: [ 13, 14, 15, 23, 31, 36, 37, 38, 43, 44, 46, 47, 49,
    52, 56, 57, 62, 69, 70, 71, 76, 78, 83, 85, 91, 97, 99, 100 ]
indexInverted 47: []
indexInverted 48: [ 3, 4, 6, 7, 12, 13, 14, 17, 18, 21, 22, 23, 24, 25,
    26, 29, 30, 32, 35, 36, 37, 39, 47, 49, 50, 54, 56, 61, 62, 64, 67,
    73, 74, 78, 89, 95, 97 ]
indexInverted 49: [ 3, 10, 13, 15, 16, 23, 24, 32, 34, 37, 41, 43, 44,
    46, 47, 50, 51, 56, 63, 74, 78, 83, 88, 99 ]
indexInverted 50: [ 3, 6, 14, 15, 18, 37, 46, 52, 56, 57, 58, 63, 64, 70,
    74, 76, 81, 85, 88 ]
indexInverted 51: [ 2, 9, 11, 12, 13, 14, 18, 20, 21, 22, 24, 25, 28, 31,
    37, 40, 41, 43, 44, 46, 47, 49, 50, 52, 57, 58, 61, 62, 63, 64, 66,
    68, 69, 70, 71, 74, 80, 81, 82, 85, 88, 91, 99, 100 ]
indexInverted 52: [ 11, 12, 13, 15, 21, 23, 25, 31, 34, 37, 38, 41, 44,
    46, 47, 52, 55, 58, 63, 67, 74, 76, 77, 78, 79, 83, 87, 93 ]
indexInverted 53: [ 0, 2, 3, 4, 5, 7, 9, 10, 12, 13, 18, 20, 21, 23, 26,
    28, 29, 30, 33, 39, 50, 58, 61, 64, 67, 68, 73, 78, 97 ]
indexInverted 54: [ 12, 13, 15, 19, 23, 25, 31, 34, 37, 40, 41, 43, 44,
    49, 51, 52, 55, 56, 58, 62, 63, 70, 73, 78, 79, 83, 85, 91, 93, 99,
    100 ]
indexInverted 55: [ 2, 3, 4, 5, 6, 7, 9, 10, 14, 15, 18, 19, 20, 23, 24,
