%YAML:1.0
sums: [ 156, 516, 238, 320, 578, 425, 301, 482, 298, 1063, 454, 226, 195,
    722, 229, 390, 357, 206, 168, 650, 355, 624, 257, 460, 297, 197, 159,
    487, 168, 77, 174, 70, 512, 235, 345, 598, 466, 542, 129, 382, 584,
    843, 58, 955, 703, 463, 452, 115, 328, 311, 706, 751, 331, 279, 14,
    370, 331, 303, 502, 248, 424, 284, 260, 698, 80, 502, 590, 500, 434,
    180, 386, 468, 349, 131, 217, 122, 240, 787, 262, 289, 608, 426, 574,
    722, 134, 302, 291, 1282, 691, 428, 279, 447, 655, 377, 605, 220,
    142, 657, 347, 290, 94, 298, 578, 8, 432, 293, 323, 334, 575, 465,
    189, 338, 373, 1115, 44, 180, 755, 73, 674, 314, 546, 120, 590, 350,
    459, 25, 463, 658, 346, 633, 599, 96, 541, 426, 135, 637, 502, 605,
    279, 376, 475, 257, 508, 199, 570, 211 ]
